100003694294147|123456
100002380438378|123456789
100001243057507|123456789
100001527810672|123456
100005661315090|123456
100004211350810|123456789
100002093766960|123456789
100003354667167|123456
100002614287034|123456789
100002059331572|123456
100002867960703|123456
100001889547817|123456
100004869397899|12345678
100003947479123|123456789
100003360507390|123456
100003302835911|123456
100002690960474|123456789
100002838731771|123456789
100008458953281|123456789
100003950840986|123456
100004158331292|123456789
100002598061354|123456
100003522076669|123456789
100003289382233|123456
100004440931005|123456789
100006946389851|123456789
100001784466150|123456789
100003306009703|123456789
100002936227913|123456
100003370730238|123456
100004065878663|123456789
100001719536681|123456789
100001062432235|123456
100003762123327|123456
100004471599663|123456789
100002584536261|123456789
100004911548543|123456
100002388235157|123456
100008374807776|123456
100001040531320|123456
100006910305108|123123
100001061286473|123456
100003970248688|123456789
100004914725325|123456789
100007950496489|123456
100003632544896|12345678
100003275108262|123456789
100005165400459|1234567
100002475506457|123456
100004789697874|123456789
100002373413150|123456789
100002951290053|123456
100003220897571|123456
100006870464718|1234567
100002546123996|123456789
100006815851448|123456
100004947069911|123456
100002869178857|1234567
100002073306729|123456789
100007187353451|123456
100006808844687|123456789
100005600984789|123456
100002133814061|123456789
100004864986778|123456
100006712487064|123456
100001098064266|123456
100001630673514|123456789
100008045025898|123456
100007870515022|123456
100002766935329|123456
100004926791828|123456789
100001823643729|123456
100003184440750|123456789
100002392986069|123456
100002768543402|123123
100005117796408|123456
100002091132353|123456789
100003830797011|123456
100001398228635|1234567
100004278039339|123456
100005182126821|123456
100003192761685|123456
100003014300010|123456
100002027961742|123456
100002184441391|123456
100007676418351|123456
100004220436157|12345678
100003238636945|1234567
100002083223459|123456789
100002123463825|123456789
100008466821167|123456789
100003737788626|123456789
100004758366445|123456789
100006251597106|123456789
100004227930333|123123
100001767010188|12345678
100004430402651|123456789
100004025118490|123456
100001825652896|123456789
100004013539887|123456
100004703170462|12345678
100003720688775|123456789
100008415490128|1234567
100007591050137|123456789
100001726664596|123456789
100003478737756|123456
100004855931748|123456
100001117642179|123456789
100004666293623|123456789
100004719106505|123456
100002369118289|123456789
